133
136
27
165
43
85
-249
242
-101
171
112
-223
-60
-191
13
176
-210
-235
-78
-14
-39
118
-183
179
32
-220
-240
-127
-228
-115
-227
52
-183
-192
-181
-83
143
206
-223
-208
-21
123
-241
169
34
206
-52
74
65
120
163
-240
-159
230
-213
-209
-224
-80
246
31
55
175
-166
77
86
85
96
-234
63
107
-126
145
-168
206
64
117
184
114
169
0
-163
58
26
-72
38
38
153
-99
4
149
182
55
-74
-229
-11
-60
-24
153
-11
-208
45
-126
-174
128
217
-126
153
152
67
-243
-98
6
51
30
36
191
115
-61
194
-131
190
-222
52
-61
-144
21
231
-75
-41
177
-234
106
247
103
-153
215
56
-67
-31
-144
-228
121
-18
79
165
-14
20
-157
-42
-35
90
-35
46
-27
194
-5
-184
201
-211
-209
129
238
14
-22
91
100
-57
133
-181
-88
-111
164
237
-119
-7
241
-23
-134
109
186
-160
-240
187
-87
25
157
224
-222
108
-179
-115
-13
-15
-246
68
178
79
-212
-55
-238
-178
154
193
-236
30
-223
153
-100
-49
-56
-41
108
119
167
-37
-217
-203
-76
220
-87
240
249
22
-25
165
182
-185
-144
204
-136
-88
26
-241
214
-212
242
105
54
98
6
52
78
49
93
-4
63
-43
172
61
60
-126
-138
238
-88
-147
-190
70
105
-132
231
-218
-221
-49
166
-226
-132
174
-67
-166
-193
45
143
202
-161
-90
163
218
145
223
106
131
180
183
144
129
-22
-238
-124
23
-242
209
-161
-182
-181
-115
-60
-233
216
-165
-6
-97
25
126
-108
-71
152
195
70
186
168
137
162
-12
237
-209
171
-186
-41
92
-99
153
25
167
122
25
-190
-99
-208
249
-102
189
162
-130
133
-223
204
-75
90
234
-211
170
165
-3
-193
146
58
-234
48
-182
222
42
42
21
135
22
-6
-228
53
148
72
-165
44
32
50
-56
95
76
-75
-241
-5
244
43
24
-33
41
218
101
75
-165
-18
0
134
243
84
-63
-120
-109
-46
211
-147
-99
231
8
193
-214
-249
129
118
-3
-241
-110
-179
24
158
208
248
-125
186
-88
61
-108
133
103
-42
-99
139
-117
-43
-188
-51
-215
-52
23
216
60
-30
160
-192
50
-118
-164
8
224
102
46
39
225
-230
201
-136
225
210
-99
-52
-135
-71
150
-127
-66
159
-224
24
-115
-16
-129
-172
-151
27
50
158
-8
-240
-157
-45
-176
-35
-83
-153
-211
-15
-217
66
-244
177
120
-176
-22
-118
-193
204
-134
-110
98
66
159
-242
-75
-89
62
-60
93
-26
-102
-79
187
170
123
107
140
-103
