-117
386
277
415
293
-165
-114
-8
149
-79
-138
-473
190
-441
263
426
40
-74
-328
236
-289
-132
67
-71
282
30
362
-377
-433
-365
429
302
67
-442
-431
-333
-107
-44
-473
-458
-271
-127
-491
419
284
37
-302
-176
-185
-130
-87
26
-409
480
456
373
-474
-330
496
-219
-195
425
-416
-173
-164
5
346
229
-187
357
-376
395
82
45
314
-133
-66
-136
419
250
-413
308
-224
-322
288
84
-97
151
254
-101
432
-195
176
-479
239
190
-274
86
239
39
295
70
-424
-122
-33
101
86
402
-183
-493
152
256
-199
-220
-214
-59
365
189
-56
119
-60
-472
302
189
-394
271
-19
175
209
427
-478
356
-3
-147
-403
465
-194
183
-281
124
28
371
232
329
3
236
-230
-407
208
215
-160
215
296
223
118
-255
-434
-49
421
55
-121
-12
264
-272
341
-150
-307
0
-431
-338
-394
414
487
-369
243
-9
-273
-135
359
436
-68
51
-63
-337
-225
-93
-26
-472
358
-105
-365
-263
-265
-496
318
-72
329
-462
428
29
276
-96
-57
-486
113
38
106
340
404
-306
209
188
-131
417
-287
-467
-453
-326
-30
-337
-10
-1
272
225
144
90
-435
124
454
286
169
-224
42
-36
-462
7
-145
304
-152
111
122
328
-201
-157
246
68
-350
-78
-189
310
105
301
161
230
378
-440
-180
-481
-382
126
22
-35
-352
-84
-218
-382
424
137
-416
-361
100
-107
-48
399
-340
50
-32
395
473
356
381
430
433
394
160
-272
29
481
-227
-285
459
273
313
168
-365
190
-485
-34
288
-254
432
184
-124
-268
-321
402
-55
-389
436
-82
387
-88
-262
487
159
-79
-436
209
-158
87
106
184
213
-128
184
-440
319
99
221
-292
439
311
440
167
205
454
175
-160
484
158
420
144
-253
-361
-104
308
130
-202
313
472
172
350
125
-115
272
-254
140
-491
398
-178
288
-206
24
-275
-306
81
-174
175
-358
-255
494
293
-226
269
399
-300
-149
-175
360
232
79
384
493
38
121
-370
4
-296
461
-412
319
126
444
-57
-464
6
-456
-132
342
368
-360
-105
372
408
458
-2
-229
-419
253
-189
-268
167
-147
148
390
-111
-367
-256
-358
-301
-465
-302
-438
297
310
490
-90
-442
-275
-368
230
392
186
271
296
-211
475
358
-49
-379
475
-40
390
-342
-385
-321
-433
-377
-87
248
56
-393
294
197
199
-422
-458
277
-275
408
-80
181
147
-295
55
215
35
-403
158
192
-467
-184
-494
129
-130
464
-272
-368
-361
454
-135
400
-152
471
449
-285
175
488
-188
-400
-283
3
-357
319
182
420
41
69
326
42
-35
-143
288
-489
-71
261
-155
-82
-139
490
-65
-14
177
-462
-488
-241
-490
-330
114
-431
-500
398
-262
4
295
130
226
-451
416
52
78
52
446
459
-38
470
26
-413
131
93
-466
127
-240
-499
-287
-254
177
-200
-147
454
110
469
-99
-340
-427
141
120
271
-482
388
484
66
270
160
-327
-256
-294
22
349
304
20
-219
-326
114
445
283
-445
-275
76
-233
-15
471
107
-361
257
159
-184
-61
16
408
-346
-49
30
461
314
-36
-62
-39
319
21
100
-46
65
339
304
-305
-260
-228
-369
347
392
147
-6
-7
-339
291
17
-59
398
96
445
3
447
451
-224
-103
-413
240
456
429
239
-440
-311
-490
133
-43
-231
-324
-348
458
60
-15
-30
-148
-203
-444
312
232
477
185
26
-171
-273
-323
340
259
-484
244
42
411
-29
450
-145
484
-291
101
160
-314
246
211
305
434
273
-300
455
-339
408
268
-118
418
170
382
322
482
217
-27
-479
-50
-19
461
175
-70
-499
94
-426
-141
-192
-175
262
275
254
-457
210
-353
-365
-74
25
7
183
-70
223
443
114
221
-439
-335
223
-328
72
336
463
373
47
-312
-478
-420
-219
450
-490
-27
289
45
304
351
180
105
-411
-489
-285
-114
-72
458
-16
-60
467
-435
-297
268
-62
-213
-384
163
-94
174
62
73
188
-253
446
329
34
-284
-354
-162
-432
-442
13
-271
394
82
342
330
-173
-202
-248
-492
212
-439
71
-262
-176
-234
-269
-211
-279
113
-317
-342
-142
14
60
473
-267
-352
-334
482
-127
348
-312
184
-48
302
118
-21
321
277
81
268
414
212
-257
142
-457
-353
-323
-236
407
-210
-490
81
348
463
-153
436
205
262
491
-149
-182
-335
-409
-315
-81
388
-155
-138
40
-159
-493
93
-117
360
338
480
132
-214
-144
489
-90
229
-407
225
-342
136
258
-249
430
375
-407
196
-346
378
172
-221
-353
375
182
51
344
339
-309
57
-363
367
488
-111
-485
262
139
47
-69
469
-34
67
-396
-475
334
156
116
183
-36
499
462
97
153
309
-469
-450
-308
-61
-410
493
143
424
166
-346
322
-193
-181
-97
-24
-487
-75
-361
85
-272
365
348
462
130
416
93
201
-283
-194
2
398
-148
-160
-160
107
3
387
-92
116
90
-236
20
358
136
149
379
-211
145
244
-430
-149
-480
-251
-223
-171
-349
-24
-258
241
-85
171
392
-57
-275
-36
476
-386
-99
3
151
-439
39
-108
-294
-24
-166
-15
105
-191
-140
-225
-4
-429
277
403
-42
241
453
323
-383
115
-266
141
273
-248
-321
-293
-37
497
12
48
-216
401
-302
